0 0.369531 0.523438 0.176563 0.165625 0.258196
0 0.009375 0.682031 0.01875 0.142188 0.274542
0 0.684375 0.9625 0.0875 0.075 0.568013
0 0.789062 0.9375 0.121875 0.121875 0.575153
0 0.402344 0.961719 0.0765625 0.0765625 0.612647
0 0.116406 0.389062 0.117188 0.19375 0.639396
0 0.602344 0.946094 0.0859375 0.104687 0.751412
0 0.025 0.453125 0.05 0.13125 0.792436
0 0.908594 0.447656 0.114063 0.164062 0.81944
0 0.474219 0.416406 0.0953125 0.160938 0.832443
0 0.385938 0.121094 0.096875 0.185937 0.838237
0 0.240625 0.884375 0.084375 0.16875 0.838684
0 0.421875 0.559375 0.090625 0.16875 0.850042
0 0.727344 0.654688 0.123438 0.15625 0.856312
0 0.313281 0.502344 0.145313 0.135937 0.866195
0 0.538281 0.829687 0.135937 0.13125 0.86862
0 0.721875 0.178125 0.09375 0.1625 0.869427
0 0.271875 0.178125 0.14375 0.14375 0.872863
0 0.619531 0.600781 0.117188 0.167187 0.876294
0 0.358594 0.776563 0.129688 0.121875 0.877723
0 0.665625 0.34375 0.09375 0.18125 0.87814
0 0.548437 0.708594 0.128125 0.114063 0.879351
0 0.815625 0.299219 0.1625 0.135937 0.880074
0 0.75 0.453125 0.10625 0.146875 0.891699
0 0.532031 0.508594 0.0828125 0.160938 0.901285
