0 0.938281 0.109375 0.114063 0.103125 0.263655
0 0.946094 0.0414063 0.0984375 0.0828125 0.273871
0 0.959375 0.224219 0.08125 0.182812 0.282671
0 0.914844 0.630469 0.0984375 0.154687 0.449253
0 0.267188 0.976562 0.08125 0.04375 0.481623
0 0.294531 0.021875 0.126563 0.04375 0.617872
0 0.964063 0.402344 0.071875 0.123438 0.671689
0 0.578125 0.957812 0.103125 0.084375 0.690145
0 0.0195312 0.2375 0.0390625 0.18125 0.702219
0 0.385156 0.0554687 0.104687 0.107813 0.717546
0 0.80625 0.717969 0.103125 0.164062 0.755296
0 0.025 0.059375 0.05 0.11875 0.758839
0 0.921094 0.480469 0.148438 0.135937 0.794022
0 0.617188 0.0546875 0.078125 0.109375 0.801907
0 0.66875 0.799219 0.084375 0.214062 0.813339
0 0.0804688 0.932031 0.0796875 0.135937 0.825895
0 0.158594 0.726562 0.160938 0.1125 0.825962
0 0.796094 0.402344 0.129688 0.135937 0.84241
0 0.347656 0.495313 0.132812 0.121875 0.85001
0 0.134375 0.528906 0.09375 0.207813 0.856017
0 0.704687 0.504687 0.0875 0.1875 0.859418
0 0.546875 0.875 0.090625 0.1375 0.86005
0 0.439844 0.139062 0.114063 0.109375 0.860104
0 0.789062 0.530469 0.09375 0.154687 0.860292
0 0.346094 0.179688 0.129688 0.11875 0.860955
0 0.439844 0.869531 0.132812 0.126563 0.861248
0 0.480469 0.0757812 0.0890625 0.151562 0.863495
0 0.278906 0.736719 0.0984375 0.157813 0.871271
0 0.160156 0.864062 0.126563 0.14375 0.871609
0 0.521094 0.591406 0.0828125 0.195312 0.87373
0 0.0851562 0.365625 0.139062 0.1375 0.874284
0 0.189063 0.189844 0.1 0.167187 0.877829
0 0.376563 0.759375 0.090625 0.165625 0.882233
0 0.60625 0.715625 0.103125 0.15 0.887253
0 0.14375 0.0570313 0.10625 0.114063 0.887838
0 0.433594 0.548437 0.0921875 0.190625 0.890764
0 0.374219 0.33125 0.0953125 0.16875 0.895099
