0 0.917969 0.449219 0.139062 0.0953125 0.326117
0 0.230469 0.0273438 0.0953125 0.0515625 0.504039
0 0.892969 0.524219 0.120312 0.110937 0.589094
0 0.935938 0.738281 0.10625 0.151562 0.651758
0 0.225 0.828125 0.103125 0.14375 0.683552
0 0.046875 0.81875 0.09375 0.121875 0.694259
0 0.657031 0.0609375 0.107813 0.1125 0.699367
0 0.450781 0.957031 0.0984375 0.0859375 0.709288
0 0.577344 0.964063 0.135937 0.071875 0.739443
0 0.0734375 0.907031 0.140625 0.135937 0.76916
0 0.677344 0.165625 0.104687 0.13125 0.770279
0 0.0226563 0.621094 0.0453125 0.145313 0.772325
0 0.700781 0.851562 0.129688 0.1375 0.780004
0 0.771094 0.344531 0.101562 0.201562 0.812382
0 0.432813 0.0429688 0.1 0.0828125 0.818386
0 0.396094 0.144531 0.0890625 0.201562 0.823531
0 0.113281 0.18125 0.132812 0.159375 0.824893
0 0.778906 0.66875 0.101562 0.19375 0.830414
0 0.141406 0.0460938 0.110937 0.0890625 0.83093
0 0.040625 0.0625 0.075 0.121875 0.834452
0 0.375781 0.721094 0.0828125 0.160938 0.848633
0 0.295312 0.746875 0.08125 0.159375 0.864926
0 0.871875 0.211719 0.109375 0.182812 0.867614
0 0.623438 0.386719 0.121875 0.107813 0.872557
0 0.350781 0.591406 0.126563 0.139062 0.873264
0 0.666406 0.654688 0.0890625 0.175 0.875938
0 0.436719 0.829687 0.114063 0.140625 0.876046
0 0.68125 0.279687 0.121875 0.125 0.884228
0 0.436719 0.378906 0.123438 0.167187 0.888455
0 0.628906 0.5 0.117188 0.1375 0.901281
