0 0.972656 0.332031 0.0515625 0.164062 0.310224
0 0.896875 0.102344 0.078125 0.167187 0.359233
0 0.910937 0.313281 0.0875 0.185937 0.43727
0 0.2125 0.021875 0.103125 0.04375 0.521469
0 0.490625 0.0601562 0.128125 0.120312 0.530828
0 0.772656 0.847656 0.129688 0.120312 0.54295
0 0.966406 0.132812 0.0671875 0.13125 0.596801
0 0.672656 0.78125 0.0828125 0.15625 0.651905
0 0.803906 0.957031 0.0984375 0.0796875 0.681054
0 0.63125 0.925781 0.09375 0.148438 0.782685
0 0.0453125 0.0898438 0.0875 0.117188 0.787412
0 0.846875 0.707812 0.15 0.121875 0.787535
0 0.1 0.938281 0.153125 0.104687 0.809264
0 0.616406 0.528906 0.117188 0.182812 0.81695
0 0.132031 0.682813 0.101562 0.134375 0.819668
0 0.797656 0.550781 0.0953125 0.182812 0.826085
0 0.694531 0.213281 0.107813 0.126563 0.835017
0 0.496875 0.545313 0.090625 0.190625 0.840098
0 0.53125 0.388281 0.096875 0.173438 0.854117
0 0.830469 0.148438 0.101562 0.15625 0.859534
0 0.597656 0.761719 0.0921875 0.139062 0.863617
0 0.682031 0.339844 0.135937 0.139062 0.868734
0 0.1875 0.753906 0.121875 0.135937 0.869307
0 0.08125 0.432813 0.15 0.1375 0.87512
0 0.292188 0.621875 0.13125 0.14375 0.878855
0 0.271875 0.451562 0.134375 0.134375 0.881678
0 0.440625 0.397656 0.115625 0.126563 0.894176
0 0.142188 0.217187 0.1625 0.140625 0.917692
