0 0.00859375 0.0898438 0.0171875 0.139062 0.273054
0 0.954687 0.822656 0.078125 0.135937 0.348525
0 0.692187 0.85625 0.178125 0.115625 0.362029
0 0.45625 0.28125 0.090625 0.175 0.378542
0 0.978125 0.196094 0.040625 0.139062 0.507295
0 0.742969 0.9375 0.0828125 0.125 0.508076
0 0.978125 0.0953125 0.04375 0.096875 0.536133
0 0.574219 0.94375 0.0703125 0.1125 0.589959
0 0.0210938 0.85625 0.0421875 0.175 0.621521
0 0.9375 0.452344 0.109375 0.154687 0.651429
0 0.954687 0.342187 0.090625 0.109375 0.655973
0 0.513281 0.953906 0.0671875 0.0921875 0.665726
0 0.857031 0.730469 0.120312 0.135937 0.689399
0 0.697656 0.0789063 0.101562 0.157813 0.690939
0 0.721094 0.827344 0.120312 0.114063 0.731853
0 0.257812 0.0257812 0.140625 0.0515625 0.7426
0 0.0976562 0.884375 0.129688 0.11875 0.749843
0 0.124219 0.946875 0.117188 0.103125 0.756004
0 0.386719 0.310156 0.0859375 0.170312 0.77827
0 0.848437 0.5 0.084375 0.184375 0.786225
0 0.467187 0.3375 0.096875 0.140625 0.808131
0 0.511719 0.834375 0.117188 0.125 0.811553
0 0.579687 0.452344 0.075 0.185937 0.814144
0 0.0960938 0.769531 0.145313 0.107813 0.814174
0 0.419531 0.624219 0.0921875 0.195312 0.818277
0 0.254687 0.938281 0.14375 0.110937 0.820279
0 0.617188 0.876562 0.11875 0.11875 0.826511
0 0.340625 0.410937 0.08125 0.159375 0.827047
0 0.423438 0.46875 0.109375 0.11875 0.827437
0 0.0484375 0.346094 0.096875 0.129688 0.828551
0 0.904688 0.132812 0.08125 0.16875 0.830378
0 0.359375 0.553125 0.078125 0.1625 0.832362
0 0.526563 0.392188 0.078125 0.18125 0.841172
0 0.705469 0.720312 0.132812 0.121875 0.841836
0 0.592969 0.084375 0.104687 0.121875 0.843262
0 0.353906 0.732031 0.148438 0.120312 0.850826
0 0.761719 0.251563 0.120312 0.1125 0.855135
0 0.311719 0.828125 0.145313 0.115625 0.863634
0 0.858594 0.309375 0.117188 0.13125 0.877167
0 0.475781 0.751562 0.101562 0.153125 0.877439
0 0.44375 0.232812 0.096875 0.115625 0.879489
0 0.778125 0.63125 0.103125 0.128125 0.882252
0 0.6 0.721875 0.09375 0.146875 0.886312
0 0.505469 0.179688 0.120312 0.14375 0.887138
