0 0.678906 0.409375 0.101562 0.1125 0.28598
0 0.413281 0.960938 0.0515625 0.078125 0.307974
0 0.0109375 0.2875 0.021875 0.109375 0.330963
0 0.30625 0.616406 0.153125 0.154687 0.380702
0 0.595312 0.04375 0.146875 0.0875 0.423274
0 0.04375 0.983594 0.0875 0.0265625 0.481021
0 0.703906 0.388281 0.0703125 0.107813 0.539637
0 0.0382813 0.648438 0.0765625 0.10625 0.620039
0 0.246875 0.247656 0.165625 0.157813 0.673836
0 0.03125 0.769531 0.05625 0.179688 0.674405
0 0.417969 0.84375 0.101562 0.146875 0.712873
0 0.639063 0.05625 0.08125 0.1125 0.713473
0 0.630469 0.413281 0.129688 0.114063 0.747625
0 0.23125 0.138281 0.11875 0.101562 0.748028
0 0.554688 0.975 0.103125 0.05 0.763598
0 0.864844 0.545313 0.0890625 0.16875 0.775847
0 0.686719 0.304688 0.139062 0.10625 0.782673
0 0.316406 0.765625 0.0921875 0.115625 0.788111
0 0.945312 0.377344 0.10625 0.135937 0.795269
0 0.554688 0.0382813 0.096875 0.0734375 0.81071
0 0.20625 0.964844 0.09375 0.0703125 0.818018
0 0.234375 0.764063 0.096875 0.15 0.820864
0 0.9125 0.138281 0.125 0.139062 0.822255
0 0.336719 0.0367187 0.126563 0.0734375 0.827661
0 0.7375 0.489844 0.128125 0.114063 0.838202
0 0.423438 0.740625 0.15 0.10625 0.847575
0 0.279687 0.367188 0.125 0.115625 0.850384
0 0.129688 0.746875 0.0875 0.196875 0.850818
0 0.452344 0.0890625 0.0890625 0.175 0.858716
0 0.723437 0.620313 0.090625 0.165625 0.860627
0 0.125781 0.153125 0.120312 0.1375 0.86375
0 0.33125 0.661719 0.121875 0.123438 0.870658
0 0.498437 0.897656 0.121875 0.123438 0.872819
0 0.278125 0.585156 0.140625 0.114063 0.873072
0 0.453125 0.346094 0.125 0.110937 0.879506
0 0.56875 0.823438 0.09375 0.15 0.883788
0 0.329688 0.457812 0.125 0.121875 0.888517
0 0.4 0.247656 0.15 0.117188 0.89269
