0 0.941406 0.821094 0.107813 0.126563 0.31623
0 0.830469 0.776563 0.123438 0.125 0.335941
0 0.600781 0.953125 0.107813 0.09375 0.349192
0 0.498437 0.954687 0.103125 0.090625 0.372694
0 0.909375 0.0132813 0.125 0.0265625 0.464244
0 0.432813 0.949219 0.075 0.0984375 0.513162
0 0.821875 0.335938 0.13125 0.1125 0.568944
0 0.19375 0.964063 0.115625 0.06875 0.624335
0 0.426562 0.896875 0.084375 0.184375 0.642017
0 0.707812 0.948438 0.0875 0.103125 0.690101
0 0.896875 0.419531 0.1 0.123438 0.735821
0 0.116406 0.670313 0.142188 0.165625 0.73873
0 0.507031 0.857813 0.101562 0.1125 0.752126
0 0.814062 0.232812 0.1 0.121875 0.770469
0 0.349219 0.571094 0.123438 0.0921875 0.77438
0 0.366406 0.649219 0.126563 0.101562 0.790295
0 0.801562 0.567969 0.1125 0.120312 0.813628
0 0.253906 0.485938 0.0984375 0.1375 0.814968
0 0.629687 0.0484375 0.084375 0.096875 0.816003
0 0.440625 0.0695312 0.1375 0.139062 0.826106
0 0.295312 0.1 0.1 0.18125 0.832601
0 0.329688 0.476562 0.115625 0.128125 0.833316
0 0.253906 0.609375 0.0890625 0.15625 0.842908
0 0.630469 0.863281 0.0796875 0.179688 0.843293
0 0.710156 0.642969 0.123438 0.107813 0.844856
0 0.70625 0.221875 0.13125 0.1625 0.849216
0 0.025 0.129688 0.04375 0.171875 0.852557
0 0.471875 0.636719 0.09375 0.167187 0.853037
0 0.327344 0.713281 0.104687 0.135937 0.859427
0 0.199219 0.766406 0.123438 0.132812 0.863034
0 0.71875 0.460938 0.084375 0.165625 0.876706
0 0.484375 0.403906 0.103125 0.135937 0.888647
0 0.449219 0.495313 0.120312 0.11875 0.901102
0 0.334375 0.325 0.121875 0.15 0.905563
0 0.178125 0.277344 0.159375 0.129688 0.910911
